# Created by Octave 3.6.4, Tue Apr 07 17:02:58 2015 BST <boris@dhcp-172-17-163-85.eduroam.wireless.private.cam.ac.uk>
# name: Xyz
# type: matrix
# rows: 432
# columns: 3
 1 0 0
 0.984807753012208 0.1736481776669303 0
 0.9396926207859084 0.3420201433256687 0
 0.8660254037844387 0.4999999999999999 0
 0.7660444431189781 0.6427876096865393 0
 0.6427876096865394 0.766044443118978 0
 0.5000000000000001 0.8660254037844386 0
 0.3420201433256688 0.9396926207859083 0
 0.1736481776669304 0.984807753012208 0
 6.123233995736766e-17 1 0
 -0.1736481776669303 0.984807753012208 0
 -0.3420201433256687 0.9396926207859084 0
 -0.4999999999999998 0.8660254037844388 0
 -0.6427876096865393 0.7660444431189781 0
 -0.7660444431189779 0.6427876096865395 0
 -0.8660254037844387 0.4999999999999999 0
 -0.9396926207859083 0.3420201433256689 0
 -0.984807753012208 0.1736481776669307 0
 -1 1.224646799147353e-16 0
 -0.9848077530122081 -0.17364817766693 0
 -0.9396926207859084 -0.3420201433256687 0
 -0.8660254037844388 -0.4999999999999998 0
 -0.7660444431189781 -0.6427876096865393 0
 -0.6427876096865396 -0.7660444431189779 0
 -0.5000000000000004 -0.8660254037844384 0
 -0.3420201433256693 -0.9396926207859082 0
 -0.1736481776669303 -0.984807753012208 0
 -1.83697019872103e-16 -1 0
 0.17364817766693 -0.9848077530122081 0
 0.3420201433256682 -0.9396926207859085 0
 0.5 -0.8660254037844386 0
 0.6427876096865393 -0.7660444431189781 0
 0.7660444431189779 -0.6427876096865396 0
 0.8660254037844384 -0.5000000000000004 0
 0.9396926207859082 -0.3420201433256694 0
 0.984807753012208 -0.1736481776669304 0
 1 0 0.09090909090909091
 0.9781099836393524 0.1724671802159331 0.09090909090909091
 0.9193195222328714 0.3346049418725914 0.09090909090909091
 0.8460029117599749 0.4884400088398286 0.09090909090909091
 0.7343213377910351 0.6161687637060643 0.09090909090909091
 0.6150570267249258 0.7329964212497432 0.09090909090909091
 0.4826579665289712 0.8359881207060565 0.09090909090909091
 0.3275192933487293 0.8998518629113679 0.09090909090909091
 0.165734023587705 0.9399243548650434 0.09090909090909091
 5.783575659485487e-17 0.9445295841237225 0.09090909090909091
 -0.163673540613809 0.9282387752355561 0.09090909090909091
 -0.3229805398498713 0.8873817401607853 0.09090909090909091
 -0.476484370675696 0.8252951390227882 0.09090909090909091
 -0.6127177478243759 0.7302085772159334 0.09090909090909091
 -0.7328483668371006 0.6149327943218834 0.09090909090909091
 -0.8402473696952139 0.4851170450794066 0.09090909090909091
 -0.8911090863208142 0.3243371829049285 0.09090909090909091
 -0.9552808859190516 0.1684417943426143 0.09090909090909091
 -0.9597985906613424 1.175414271879554e-16 0.09090909090909091
 -0.9306178736287718 -0.1640930398502928 0.09090909090909091
 -0.8987447638806928 -0.3271163422551784 0.09090909090909091
 -0.8182148337358571 -0.4723965545123417 0.09090909090909091
 -0.7299630598687342 -0.6125117343088935 0.09090909090909091
 -0.615834131226523 -0.7339225383313425 0.09090909090909091
 -0.4742724245877065 -0.8214639360147854 0.09090909090909091
 -0.3205965390003344 -0.8808317516587203 0.09090909090909091
 -0.1652862607348519 -0.9373849655381581 0.09090909090909091
 -1.755576320450462e-16 -0.9556912364026171 0.09090909090909091
 0.1661917357933122 -0.9425201697753232 0.09090909090909091
 0.3281950296116702 -0.9017084330353065 0.09090909090909091
 0.483199362246814 -0.8369258455963606 0.09090909090909091
 0.6224519853231165 -0.7418093897262228 0.09090909090909091
 0.7481768508408865 -0.627794919595967 0.09090909090909091
 0.8447385687710052 -0.4877100400747996 0.09090909090909091
 0.9320040330497069 -0.3392217262461479 0.09090909090909091
 0.984807753012208 -0.1736481776669304 0.09090909090909091
 1 0 0.1818181818181818
 0.9711083051124801 0.1712325953813984 0.1818181818181818
 0.909640560601485 0.3310820879401621 0.1818181818181818
 0.8334311253360821 0.4811816845637996 0.1818181818181818
 0.7190357999047249 0.603342674503315 0.1818181818181818
 0.5948839235284673 0.7089550530415901 0.1818181818181818
 0.4646973689593662 0.8048794531812025 0.1818181818181818
 0.313907137946607 0.8624527733139296 0.1818181818181818
 0.1575983054145499 0.8937844043000956 0.1818181818181818
 5.546311251138234e-17 0.9057813656965897 0.1818181818181818
 -0.1573716838871388 0.8924991697517556 0.1818181818181818
 -0.3087936791575437 0.848403660755667 0.1818181818181818
 -0.4609576253595428 0.7984020272590285 0.1818181818181818
 -0.5926968641432399 0.7063486171620287 0.1818181818181818
 -0.7040477516651704 0.590766208753438 0.1818181818181818
 -0.8043423945562008 0.4643872980176507 0.1818181818181818
 -0.8591665039298657 0.3127110337090274 0.1818181818181818
 -0.9082130372798778 0.1601424627036257 0.1818181818181818
 -0.9204731773934803 1.127254530395919e-16 0.1818181818181818
 -0.9060022657036051 -0.1597526440265448 0.1818181818181818
 -0.8629746485930845 -0.3140970850142186 0.1818181818181818
 -0.7976188860887746 -0.4605054785940831 0.1818181818181818
 -0.6980556853408085 -0.5857382681106758 0.1818181818181818
 -0.6026969766215912 -0.7182662871344495 0.1818181818181818
 -0.4631368208210237 -0.8021765045179355 0.1818181818181818
 -0.3104930355772196 -0.8530726041463299 0.1818181818181818
 -0.1573969871309984 -0.8926426715786338 0.1818181818181818
 -1.686227620757861e-16 -0.9179395626188592 0.1818181818181818
 0.1617984721565099 -0.9176047335831385 0.1818181818181818
 0.3193407684629264 -0.8773815504631785 0.1818181818181818
 0.4637646029470299 -0.8032638550562629 0.1818181818181818
 0.6068127496661945 -0.7231712744466584 0.1818181818181818
 0.7225996390302039 -0.6063330905990801 0.1818181818181818
 0.8124660347396342 -0.4690774838643562 0.1818181818181818
 0.9109104965713488 -0.3315443068326173 0.1818181818181818
 0.984807753012208 -0.1736481776669304 0.1818181818181818
 1 0 0.2727272727272727
 0.9624184468933695 0.169700338918838 0.2727272727272727
 0.8984371402301091 0.3270043764030097 0.2727272727272727
 0.8239980079440826 0.4757354716982314 0.2727272727272727
 0.7066360216799947 0.5929380251682639 0.2727272727272727
 0.5900161667792332 0.7031538864478156 0.2727272727272727
 0.4542074740210576 0.7867104221819924 0.2727272727272727
 0.3061265107805563 0.8410756758660102 0.2727272727272727
 0.1532828631664411 0.8693103151347861 0.2727272727272727
 5.384352974063525e-17 0.8793315718152077 0.2727272727272727
 -0.1524058169570723 0.864336338912629 0.2727272727272727
 -0.3002278408170537 0.8248692133364718 0.2727272727272727
 -0.4464460804267502 0.7732672941391132 0.2727272727272727
 -0.583072300023014 0.6948785082945962 0.2727272727272727
 -0.6843987673786156 0.5742787532855816 0.2727272727272727
 -0.7828357938706738 0.4519704563225078 0.2727272727272727
 -0.8486995033839818 0.3089013570682776 0.2727272727272727
 -0.8811034496002398 0.1553623109598237 0.2727272727272727
 -0.8980232180908698 1.099761259594989e-16 0.2727272727272727
 -0.8739819796817926 -0.1541066036708972 0.2727272727272727
 -0.8386508061336162 -0.3052439303759917 0.2727272727272727
 -0.7718780160071002 -0.4456439803232533 0.2727272727272727
 -0.6790433827450354 -0.5697850520147317 0.2727272727272727
 -0.5828777000251362 -0.6946465930480059 0.2727272727272727
 -0.4478527428471765 -0.7757037049203879 0.2727272727272727
 -0.3062757464476905 -0.8414856974916372 0.2727272727272727
 -0.1534528697031277 -0.8702744701155132 0.2727272727272727
 -1.651311638679753e-16 -0.8989321872665437 0.2727272727272727
 0.158154038744081 -0.8969361246284234 0.2727272727272727
 0.3085023184646795 -0.8476031538311071 0.2727272727272727
 0.4559434318405344 -0.789717189325123 0.2727272727272727
 0.5887227267891977 -0.701612424692886 0.2727272727272727
 0.7165325915505879 -0.6012422332965992 0.2727272727272727
 0.8149830566784743 -0.4705306871583017 0.2727272727272727
 0.8967575813555565 -0.3263930669659756 0.2727272727272727
 0.984807753012208 -0.1736481776669304 0.2727272727272727
 1 0 0.3636363636363636
 0.960707196033919 0.1693985992215563 0.3636363636363636
